  0
SECTION
  2
HEADER
  9
$ACADVER
  1
AC1003
  9
$EXTMIN
 10
0.951554864184189
 20
2.10319554382879
  9
$EXTMAX
 10
4.01356273819994
 20
0.843353024143749
  9
$INSUNITS
 70
1
  9
$INSBASE
 10
2.48255880119206
 20
1.47327428398627
999
Created with OMAX LAYOUT for Windows. (www.omax.com) 1/17/2023
  0
ENDSEC
  0
SECTION
  2
TABLES
  0
TABLE
  2
LAYER
 70
    10
  0
LAYER
  2
0
 70
     0
 62
     7
  6
CONTINUOUS
  0
LAYER
  2
1
 70
     0
 62
     7
  6
CONTINUOUS
  0
LAYER
  2
2
 70
     0
 62
     7
  6
CONTINUOUS
  0
LAYER
  2
3
 70
     0
 62
     7
  6
CONTINUOUS
  0
LAYER
  2
4
 70
     0
 62
     7
  6
CONTINUOUS
  0
LAYER
  2
5
 70
     0
 62
     7
  6
CONTINUOUS
  0
LAYER
  2
6
 70
     0
 62
     7
  6
CONTINUOUS
  0
LAYER
  2
7
 70
     0
 62
     7
  6
CONTINUOUS
  0
LAYER
  2
8
 70
     0
 62
     7
  6
CONTINUOUS
  0
LAYER
  2
9
 70
     0
 62
     7
  6
CONTINUOUS
  0
LAYER
  2
10
 70
     0
 62
     7
  6
CONTINUOUS
  0
LAYER
  2
11
 70
     0
 62
     7
  6
CONTINUOUS
  0
LAYER
  2
12
 70
     0
 62
     7
  6
CONTINUOUS
  0
LAYER
  2
13
 70
     0
 62
     7
  6
CONTINUOUS
  0
LAYER
  2
14
 70
     0
 62
     7
  6
CONTINUOUS
  0
LAYER
  2
15
 70
     0
 62
     7
  6
CONTINUOUS
  0
LAYER
  2
16
 70
     0
 62
     7
  6
CONTINUOUS
  0
LAYER
  2
17
 70
     0
 62
     7
  6
CONTINUOUS
  0
LAYER
  2
18
 70
     0
 62
     7
  6
CONTINUOUS
  0
LAYER
  2
19
 70
     0
 62
     7
  6
CONTINUOUS
  0
LAYER
  2
20
 70
     0
 62
     7
  6
CONTINUOUS
  0
LAYER
  2
21
 70
     0
 62
     7
  6
CONTINUOUS
  0
LAYER
  2
22
 70
     0
 62
     7
  6
CONTINUOUS
  0
LAYER
  2
23
 70
     0
 62
     7
  6
CONTINUOUS
  0
LAYER
  2
24
 70
     0
 62
     7
  6
CONTINUOUS
  0
LAYER
  2
25
 70
     0
 62
     7
  6
CONTINUOUS
  0
LAYER
  2
26
 70
     0
 62
     7
  6
CONTINUOUS
  0
LAYER
  2
27
 70
     0
 62
     7
  6
CONTINUOUS
  0
LAYER
  2
28
 70
     0
 62
     7
  6
CONTINUOUS
  0
LAYER
  2
29
 70
     0
 62
     7
  6
CONTINUOUS
  0
LAYER
  2
30
 70
     0
 62
     7
  6
CONTINUOUS
  0
LAYER
  2
31
 70
     0
 62
     7
  6
CONTINUOUS
  0
ENDTAB
  0
ENDSEC
  0
SECTION
  2
ENTITIES
  0
LINE
  8
0
  6
CONTINUOUS
 62
0
 10
1.46336588780623
 20
1.39453412650595
 30
0.0
 11
1.46336588780623
 21
1.00083333910438
 31
0.0
  0
LINE
  8
0
  6
CONTINUOUS
 62
0
 10
1.46336588780623
 20
1.00083333910438
 30
0.0
 11
1.26651549410545
 21
1.00083333910438
 31
0.0
  0
LINE
  8
0
  6
CONTINUOUS
 62
0
 10
1.26651549410545
 20
1.00083333910438
 30
0.0
 11
1.26651549410545
 21
1.39453412650595
 31
0.0
  0
LINE
  8
0
  6
CONTINUOUS
 62
0
 10
1.26651549410545
 20
1.39453412650595
 30
0.0
 11
1.46336588780623
 21
1.39453412650595
 31
0.0
  0
LINE
  8
0
  6
CONTINUOUS
 62
0
 10
1.46336588780623
 20
1.94571522886816
 30
0.0
 11
1.26651549410545
 21
1.94571522886816
 31
0.0
  0
LINE
  8
0
  6
CONTINUOUS
 62
0
 10
1.46336588780623
 20
1.55201444146658
 30
0.0
 11
1.46336588780623
 21
1.94571522886816
 31
0.0
  0
LINE
  8
0
  6
CONTINUOUS
 62
0
 10
1.26651549410545
 20
1.55201444146658
 30
0.0
 11
1.46336588780623
 21
1.55201444146658
 31
0.0
  0
LINE
  8
0
  6
CONTINUOUS
 62
0
 10
1.26651549410545
 20
1.94571522886816
 30
0.0
 11
1.26651549410545
 21
1.55201444146658
 31
0.0
  0
LINE
  8
0
  6
CONTINUOUS
 62
0
 10
0.951554864184189
 20
2.10319554382879
 30
0.0
 11
4.01356273819994
 21
2.10319554382879
 31
0.0
  0
LINE
  8
0
  6
CONTINUOUS
 62
0
 10
0.951554864184189
 20
2.10319554382879
 30
0.0
 11
0.951554864184189
 21
0.843353024143749
 31
0.0
  0
LINE
  8
0
  6
CONTINUOUS
 62
0
 10
0.951554864184189
 20
0.843353024143749
 30
0.0
 11
4.01356273819994
 21
0.843353024143749
 31
0.0
  0
LINE
  8
0
  6
CONTINUOUS
 62
0
 10
4.01356273819994
 20
0.843353024143749
 30
0.0
 11
4.01356273819994
 21
2.10319554382879
 31
0.0
  0
LINE
  8
0
  6
CONTINUOUS
 62
0
 10
3.50175171457789
 20
1.00083333910438
 30
0.0
 11
3.69860210827868
 21
1.00083333910438
 31
0.0
  0
LINE
  8
0
  6
CONTINUOUS
 62
0
 10
3.50175171457789
 20
1.39453412650595
 30
0.0
 11
3.50175171457789
 21
1.00083333910438
 31
0.0
  0
LINE
  8
0
  6
CONTINUOUS
 62
0
 10
3.69860210827868
 20
1.39453412650595
 30
0.0
 11
3.50175171457789
 21
1.39453412650595
 31
0.0
  0
LINE
  8
0
  6
CONTINUOUS
 62
0
 10
3.69860210827868
 20
1.00083333910438
 30
0.0
 11
3.69860210827868
 21
1.39453412650595
 31
0.0
  0
LINE
  8
0
  6
CONTINUOUS
 62
0
 10
3.50175171457789
 20
1.55201444146658
 30
0.0
 11
3.50175171457789
 21
1.94571522886816
 31
0.0
  0
LINE
  8
0
  6
CONTINUOUS
 62
0
 10
3.50175171457789
 20
1.94571522886816
 30
0.0
 11
3.69860210827868
 21
1.94571522886816
 31
0.0
  0
LINE
  8
0
  6
CONTINUOUS
 62
0
 10
3.69860210827868
 20
1.94571522886816
 30
0.0
 11
3.69860210827868
 21
1.55201444146658
 31
0.0
  0
LINE
  8
0
  6
CONTINUOUS
 62
0
 10
3.69860210827868
 20
1.55201444146658
 30
0.0
 11
3.50175171457789
 21
1.55201444146658
 31
0.0
  0
ENDSEC
  0
EOF
